8.292800903320312500e+01 8.322217559814453125e+01 9.585616111755371094e+00
8.186843109130859375e+01 8.257998657226562500e+01 1.161156654357910156e+01
8.352534484863281250e+01 8.115923309326171875e+01 1.367596244812011719e+01
8.432665252685546875e+01 8.239836883544921875e+01 1.194832992553710938e+01
8.452164459228515625e+01 8.367271423339843750e+01 1.310700511932373047e+01
8.245046234130859375e+01 8.391765594482421875e+01 1.237400531768798828e+01
8.354888153076171875e+01 8.451541900634765625e+01 1.440620899200439453e+01
8.150231933593750000e+01 8.276251983642578125e+01 1.345691013336181641e+01
8.267626953125000000e+01 8.130558776855468750e+01 1.347222423553466797e+01
8.529903411865234375e+01 8.086412048339843750e+01 1.760926628112792969e+01
8.528463745117187500e+01 8.340863037109375000e+01 1.718841552734375000e+01
8.075112152099609375e+01 8.312866973876953125e+01 1.599396324157714844e+01
8.097500610351562500e+01 8.379168701171875000e+01 1.692199707031250000e+01
7.997471618652343750e+01 8.069310760498046875e+01 1.849274253845214844e+01
8.200064849853515625e+01 7.860848999023437500e+01 1.733795547485351562e+01
8.051192474365234375e+01 7.930941009521484375e+01 1.783099174499511719e+01
8.398026275634765625e+01 7.909734344482421875e+01 1.688785362243652344e+01
8.254631805419921875e+01 8.463780975341796875e+01 2.081762695312500000e+01
8.377846527099609375e+01 7.827659606933593750e+01 2.020923233032226562e+01
8.136780548095703125e+01 7.810530853271484375e+01 2.264006996154785156e+01
8.521957397460937500e+01 7.953567504882812500e+01 2.275942993164062500e+01
7.980792999267578125e+01 8.257009887695312500e+01 2.241360473632812500e+01
7.955348205566406250e+01 8.000719451904296875e+01 2.313519477844238281e+01
8.519772338867187500e+01 8.273790740966796875e+01 2.275922393798828125e+01
8.375933837890625000e+01 7.810698699951171875e+01 2.486908531188964844e+01
8.010703277587890625e+01 7.861763763427734375e+01 2.485802078247070312e+01
8.558494567871093750e+01 8.107532501220703125e+01 2.624211311340332031e+01
8.270855712890625000e+01 8.407810974121093750e+01 2.434363174438476562e+01
7.996240997314453125e+01 8.311345672607421875e+01 2.552794075012207031e+01
8.482397460937500000e+01 8.292829132080078125e+01 2.731781196594238281e+01
8.296045684814453125e+01 8.401106262207031250e+01 2.814947509765625000e+01
7.859295654296875000e+01 8.172270202636718750e+01 2.716400337219238281e+01
8.178901672363281250e+01 7.756852722167968750e+01 2.990445137023925781e+01
8.385596466064453125e+01 7.903491210937500000e+01 2.933596611022949219e+01
7.845208740234375000e+01 7.877897644042968750e+01 2.968811988830566406e+01
8.033908843994140625e+01 8.376796722412109375e+01 2.803906631469726562e+01
7.950492858886718750e+01 7.710069274902343750e+01 2.970543861389160156e+01
7.864163208007812500e+01 8.139465332031250000e+01 3.251651763916015625e+01
8.400635528564453125e+01 8.132264709472656250e+01 3.152633094787597656e+01
8.251972961425781250e+01 7.785025787353515625e+01 3.362501525878906250e+01
8.077475738525390625e+01 8.273532104492187500e+01 3.195001029968261719e+01
8.079240417480468750e+01 8.196506500244140625e+01 3.428981018066406250e+01
7.994751739501953125e+01 7.544878387451171875e+01 3.622493362426757812e+01
7.850864410400390625e+01 7.606124877929687500e+01 3.429937744140625000e+01
7.692077636718750000e+01 7.876554870605468750e+01 3.530867385864257812e+01
8.353174591064453125e+01 8.038066101074218750e+01 3.595788955688476562e+01
7.629695129394531250e+01 6.252777862548828125e+01 3.338910293579101562e+01
7.706843566894531250e+01 6.428173065185546875e+01 3.205614089965820312e+01
7.501379394531250000e+01 6.449660491943359375e+01 3.436177825927734375e+01
7.857231140136718750e+01 6.405564880371093750e+01 3.450405120849609375e+01
7.744407653808593750e+01 6.689033508300781250e+01 3.706516647338867188e+01
7.715729522705078125e+01 8.045671844482421875e+01 3.889147567749023438e+01
7.621530151367187500e+01 6.211635589599609375e+01 3.649710464477539062e+01
7.468896484375000000e+01 6.389805221557617188e+01 3.769480895996093750e+01
7.869776153564453125e+01 6.324480056762695312e+01 3.810263061523437500e+01
8.180792236328125000e+01 7.521176147460937500e+01 3.958944702148437500e+01
7.855247497558593750e+01 7.544676208496093750e+01 3.735073471069335938e+01
7.918643188476562500e+01 8.162044525146484375e+01 3.818003082275390625e+01
7.878796386718750000e+01 6.662819671630859375e+01 3.978753662109375000e+01
7.754745483398437500e+01 7.601604461669921875e+01 4.100864028930664062e+01
8.139064025878906250e+01 8.118015289306640625e+01 3.983979797363281250e+01
7.644649505615234375e+01 6.691376495361328125e+01 3.858298492431640625e+01
7.636828613281250000e+01 7.882962036132812500e+01 4.084168243408203125e+01
7.834321594238281250e+01 6.926906585693359375e+01 3.940699386596679688e+01
7.522550201416015625e+01 6.520793151855468750e+01 4.193348693847656250e+01
8.256517028808593750e+01 7.635325622558593750e+01 3.957650756835937500e+01
7.765930175781250000e+01 6.251528167724609375e+01 3.974761199951171875e+01
7.564065551757812500e+01 6.283905029296875000e+01 4.065343093872070312e+01
7.918383789062500000e+01 7.260874938964843750e+01 3.994301605224609375e+01
8.326033782958984375e+01 7.988079071044921875e+01 4.197999191284179688e+01
7.747907257080078125e+01 6.982184600830078125e+01 3.988774490356445312e+01
9.710137176513671875e+01 9.635747528076171875e+01 3.826660919189453125e+01
9.612533569335937500e+01 9.685715484619140625e+01 4.266081237792968750e+01
9.582571411132812500e+01 9.514367675781250000e+01 4.058381652832031250e+01
7.530940246582031250e+01 6.352086257934570312e+01 4.267227172851562500e+01
7.844851684570312500e+01 6.407965087890625000e+01 4.346239471435546875e+01
9.768019866943359375e+01 9.408183288574218750e+01 3.925222778320312500e+01
9.813185882568359375e+01 9.587915039062500000e+01 3.911330795288085938e+01
9.886182403564453125e+01 9.493178558349609375e+01 4.160240554809570312e+01
7.828127288818359375e+01 8.171526336669921875e+01 4.161844635009765625e+01
7.627812957763671875e+01 6.885914611816406250e+01 4.285309600830078125e+01
9.665805816650390625e+01 9.343798828125000000e+01 4.342937469482421875e+01
9.837214660644531250e+01 9.649878692626953125e+01 4.405022811889648438e+01
7.682186126708984375e+01 8.024889373779296875e+01 4.249394226074218750e+01
8.152648162841796875e+01 7.194830322265625000e+01 4.207316970825195312e+01
7.817567443847656250e+01 7.328475952148437500e+01 4.161514282226562500e+01
7.776180267333984375e+01 7.087408447265625000e+01 4.168286895751953125e+01
8.291331481933593750e+01 7.498606109619140625e+01 4.231349563598632812e+01
7.741868591308593750e+01 7.691287231445312500e+01 4.506348419189453125e+01
8.051976013183593750e+01 8.084500885009765625e+01 4.404198837280273438e+01
7.820058441162109375e+01 8.034545898437500000e+01 4.481476211547851562e+01
8.332760620117187500e+01 7.572546386718750000e+01 4.276294326782226562e+01
9.765912628173828125e+01 9.324844360351562500e+01 4.426491546630859375e+01
7.964185333251953125e+01 6.811123657226562500e+01 4.313800048828125000e+01
8.362854003906250000e+01 8.024219512939453125e+01 4.537101364135742188e+01
7.632324981689453125e+01 6.602511596679687500e+01 4.575382995605468750e+01
7.898190307617187500e+01 6.574847412109375000e+01 4.746595382690429688e+01
9.587721252441406250e+01 9.411263275146484375e+01 4.517020034790039062e+01
8.274029541015625000e+01 7.140226745605468750e+01 4.551237106323242188e+01
7.685170745849609375e+01 6.943835449218750000e+01 4.888307189941406250e+01
9.615036773681640625e+01 9.556259918212890625e+01 4.579572296142578125e+01
7.765430450439453125e+01 6.475128936767578125e+01 4.570055007934570312e+01
7.772543334960937500e+01 7.840975952148437500e+01 4.664223861694335938e+01
9.648377990722656250e+01 9.289029693603515625e+01 4.560409927368164062e+01
9.831433868408203125e+01 9.396784210205078125e+01 4.770529556274414062e+01
8.009554290771484375e+01 6.797657775878906250e+01 4.816226196289062500e+01
7.956220245361328125e+01 7.998369598388671875e+01 4.934505081176757812e+01
9.706352996826171875e+01 9.502091217041015625e+01 4.790859603881835938e+01
8.444631195068359375e+01 7.590058898925781250e+01 4.746105575561523438e+01
7.706664276123046875e+01 6.666547393798828125e+01 5.017029190063476562e+01
9.711879730224609375e+01 9.133734130859375000e+01 4.809189987182617188e+01
8.147846221923828125e+01 8.042041778564453125e+01 4.900561904907226562e+01
7.725493621826171875e+01 7.182334899902343750e+01 5.351781082153320312e+01
7.737167358398437500e+01 7.420682525634765625e+01 5.076500701904296875e+01
9.527460479736328125e+01 9.269544219970703125e+01 4.819297790527343750e+01
8.603065490722656250e+01 7.667343902587890625e+01 5.220521545410156250e+01
7.755007171630859375e+01 7.582240295410156250e+01 5.202504348754882812e+01
8.321453857421875000e+01 6.925157165527343750e+01 5.417146682739257812e+01
9.535681915283203125e+01 9.363375854492187500e+01 5.120174026489257812e+01
8.529383087158203125e+01 8.063105773925781250e+01 4.956315994262695312e+01
9.823841094970703125e+01 8.967377471923828125e+01 5.107459640502929688e+01
9.838736724853515625e+01 9.325703430175781250e+01 5.215361785888671875e+01
9.448867797851562500e+01 9.001243591308593750e+01 5.094462966918945312e+01
7.832375335693359375e+01 7.845673370361328125e+01 5.413486480712890625e+01
9.438253784179687500e+01 9.224068450927734375e+01 5.167951583862304688e+01
9.929814147949218750e+01 9.048067474365234375e+01 5.396183013916015625e+01
7.593347930908203125e+01 6.972785186767578125e+01 5.737098693847656250e+01
8.483608245849609375e+01 7.234297943115234375e+01 5.408912277221679688e+01
9.724574279785156250e+01 9.387592315673828125e+01 5.296567916870117188e+01
8.741133880615234375e+01 8.155176544189453125e+01 5.106347274780273438e+01
8.724713897705078125e+01 7.862622070312500000e+01 5.243634796142578125e+01
7.749306488037109375e+01 6.693229675292968750e+01 5.346111297607421875e+01
8.082790374755859375e+01 6.613769531250000000e+01 5.480066299438476562e+01
9.549749755859375000e+01 8.770018768310546875e+01 5.126453018188476562e+01
7.974938201904296875e+01 7.963767242431640625e+01 5.376067733764648438e+01
8.644285583496093750e+01 7.577295684814453125e+01 5.507780838012695312e+01
8.488519287109375000e+01 8.171006011962890625e+01 5.475425720214843750e+01
9.028598022460937500e+01 8.116588592529296875e+01 5.182382965087890625e+01
7.771932983398437500e+01 7.784584045410156250e+01 5.755749511718750000e+01
9.912248229980468750e+01 9.267705535888671875e+01 5.469429779052734375e+01
8.998235321044921875e+01 8.340524291992187500e+01 5.271989440917968750e+01
9.603011322021484375e+01 8.658662414550781250e+01 5.310659790039062500e+01
9.308891296386718750e+01 8.831988525390625000e+01 5.492531204223632812e+01
9.235302734375000000e+01 8.598622894287109375e+01 5.293302536010742188e+01
8.859265899658203125e+01 7.768340301513671875e+01 5.493683242797851562e+01
9.287641143798828125e+01 8.479737854003906250e+01 5.266580581665039062e+01
9.424281311035156250e+01 9.283029937744140625e+01 5.604590225219726562e+01
9.001571655273437500e+01 8.447983551025390625e+01 5.520780181884765625e+01
9.266095733642578125e+01 8.006488037109375000e+01 5.457511901855468750e+01
9.529422760009765625e+01 8.343513488769531250e+01 5.479082107543945312e+01
9.859963989257812500e+01 8.814482116699218750e+01 5.833700180053710938e+01
7.581330108642578125e+01 6.864404296875000000e+01 5.891485214233398438e+01
8.493218231201171875e+01 8.228966522216796875e+01 5.932569122314453125e+01
8.119639587402343750e+01 8.091363525390625000e+01 5.773035430908203125e+01
7.674866485595703125e+01 7.374022674560546875e+01 5.748529434204101562e+01
8.371240997314453125e+01 6.582854461669921875e+01 5.804584503173828125e+01
9.799571228027343750e+01 9.360217285156250000e+01 5.727834320068359375e+01
9.462287902832031250e+01 8.054867553710937500e+01 5.844104385375976562e+01
9.233006286621093750e+01 7.859641265869140625e+01 5.938448715209960938e+01
9.634757232666015625e+01 8.377465057373046875e+01 5.936894989013671875e+01
7.752996063232421875e+01 6.676622009277343750e+01 6.115835952758789062e+01
9.915936279296875000e+01 9.158338928222656250e+01 5.811759185791015625e+01
9.444058990478515625e+01 9.267095184326171875e+01 5.933078384399414062e+01
8.436264038085937500e+01 6.648827362060546875e+01 5.951034545898437500e+01
8.492118072509765625e+01 6.963367462158203125e+01 6.105125045776367188e+01
8.243757629394531250e+01 6.505931854248046875e+01 5.984480667114257812e+01
8.040636444091796875e+01 6.556098937988281250e+01 6.273356246948242188e+01
9.004234313964843750e+01 8.495650482177734375e+01 6.127244567871093750e+01
8.631639099121093750e+01 7.329538726806640625e+01 6.066763305664062500e+01
9.365606689453125000e+01 8.938706970214843750e+01 6.071785354614257812e+01
9.692112731933593750e+01 9.233928680419921875e+01 6.059924316406250000e+01
9.818477630615234375e+01 8.523596954345703125e+01 6.130238723754882812e+01
9.894560241699218750e+01 8.783079528808593750e+01 6.073315429687500000e+01
8.148505401611328125e+01 8.205033874511718750e+01 6.084709167480468750e+01
7.535567474365234375e+01 7.267954254150390625e+01 6.105183029174804688e+01
7.868664550781250000e+01 7.916770172119140625e+01 6.146404266357421875e+01
7.661051177978515625e+01 7.761637115478515625e+01 6.199180603027343750e+01
9.011058044433593750e+01 7.617425537109375000e+01 6.273850631713867188e+01
9.539247131347656250e+01 8.016819000244140625e+01 6.230347442626953125e+01
9.719991302490234375e+01 9.031433105468750000e+01 6.108020401000976562e+01
8.393450927734375000e+01 8.239686584472656250e+01 6.152122116088867188e+01
7.335877990722656250e+01 6.929848480224609375e+01 6.331488800048828125e+01
7.314303588867187500e+01 7.054055023193359375e+01 6.335668182373046875e+01
7.561455535888671875e+01 7.521311950683593750e+01 6.330781173706054688e+01
8.108216857910156250e+01 8.179717254638671875e+01 6.475986480712890625e+01
8.470126342773437500e+01 6.571629333496093750e+01 6.582797241210937500e+01
9.721813201904296875e+01 8.250939178466796875e+01 6.575643920898437500e+01
8.736551666259765625e+01 7.371176910400390625e+01 6.365757369995117188e+01
9.584174346923828125e+01 8.749267578125000000e+01 6.289931106567382812e+01
9.177834320068359375e+01 7.575955963134765625e+01 6.611170196533203125e+01
9.838474273681640625e+01 8.722129821777343750e+01 6.470258331298828125e+01
8.986837768554687500e+01 8.501522827148437500e+01 6.321523666381835938e+01
1.002619552612304688e+02 8.538938140869140625e+01 6.421288299560546875e+01
7.926731872558593750e+01 8.104793548583984375e+01 6.674188232421875000e+01
9.259819793701171875e+01 8.541072845458984375e+01 6.530007171630859375e+01
8.617198181152343750e+01 7.127484130859375000e+01 6.664692687988281250e+01
8.738187408447265625e+01 7.118210601806640625e+01 7.108670043945312500e+01
7.783197021484375000e+01 6.534919738769531250e+01 6.587733459472656250e+01
1.000787048339843750e+02 8.569435882568359375e+01 6.713307952880859375e+01
7.601782226562500000e+01 7.849311828613281250e+01 6.458737945556640625e+01
9.750478363037109375e+01 7.853115081787109375e+01 6.780523681640625000e+01
8.889772033691406250e+01 7.356584167480468750e+01 6.814453125000000000e+01
7.211571502685546875e+01 7.124484252929687500e+01 6.618341064453125000e+01
7.424016571044921875e+01 7.604886627197265625e+01 6.630313110351562500e+01
8.784243011474609375e+01 8.384046936035156250e+01 6.886743927001953125e+01
9.898352050781250000e+01 8.618827819824218750e+01 6.792797851562500000e+01
7.371720886230468750e+01 6.637806701660156250e+01 6.887436676025390625e+01
9.419847106933593750e+01 7.708762359619140625e+01 6.869786834716796875e+01
8.316128540039062500e+01 6.439012145996093750e+01 6.875323486328125000e+01
8.517493438720703125e+01 6.790803527832031250e+01 6.752735900878906250e+01
9.564075469970703125e+01 8.308944702148437500e+01 6.738057708740234375e+01
7.272324371337890625e+01 7.460119628906250000e+01 6.771046447753906250e+01
7.297349548339843750e+01 7.975447845458984375e+01 6.669910430908203125e+01
7.211831665039062500e+01 6.834204101562500000e+01 6.919853973388671875e+01
9.752286529541015625e+01 8.423503112792968750e+01 6.676605224609375000e+01
7.087543487548828125e+01 7.619307708740234375e+01 6.832452392578125000e+01
8.260497283935546875e+01 8.258457183837890625e+01 6.881118011474609375e+01
7.552754211425781250e+01 8.020517730712890625e+01 6.883758544921875000e+01
7.118496704101562500e+01 8.212861633300781250e+01 6.701407623291015625e+01
7.067720031738281250e+01 8.088253784179687500e+01 6.525585174560546875e+01
7.744229888916015625e+01 6.372863388061523438e+01 6.971379089355468750e+01
6.802439117431640625e+01 7.852817535400390625e+01 6.862833404541015625e+01
6.970661926269531250e+01 7.827603912353515625e+01 6.645532226562500000e+01
7.895083618164062500e+01 8.151551055908203125e+01 6.860881805419921875e+01
6.864791107177734375e+01 8.140074920654296875e+01 6.994496154785156250e+01
9.572827148437500000e+01 7.886013793945312500e+01 7.005689239501953125e+01
9.256047821044921875e+01 7.583985900878906250e+01 7.002895355224609375e+01
8.598887634277343750e+01 6.502294921875000000e+01 6.954236602783203125e+01
7.022409820556640625e+01 7.361760711669921875e+01 7.044602966308593750e+01
9.158847045898437500e+01 8.376401519775390625e+01 6.974954986572265625e+01
7.988451385498046875e+01 6.346702957153320312e+01 7.166638183593750000e+01
8.950936126708984375e+01 7.356488037109375000e+01 7.203112792968750000e+01
7.126650238037109375e+01 8.246049499511718750e+01 6.940576934814453125e+01
8.714062500000000000e+01 8.325513458251953125e+01 7.331977844238281250e+01
8.626873016357421875e+01 6.792393493652343750e+01 7.137510681152343750e+01
6.885877227783203125e+01 7.559724426269531250e+01 7.061708068847656250e+01
7.186997985839843750e+01 6.736727142333984375e+01 7.334830474853515625e+01
9.341973876953125000e+01 8.190140533447265625e+01 7.078331756591796875e+01
8.541547393798828125e+01 6.391709899902343750e+01 7.329733276367187500e+01
6.622894287109375000e+01 8.103147888183593750e+01 7.116577148437500000e+01
6.942039489746093750e+01 7.447447967529296875e+01 7.151943206787109375e+01
7.348847198486328125e+01 6.429163360595703125e+01 7.055667114257812500e+01
8.073691558837890625e+01 8.259212493896484375e+01 7.417562866210937500e+01
7.718035125732421875e+01 8.198521423339843750e+01 7.066662597656250000e+01
7.560167694091796875e+01 8.284525299072265625e+01 7.174272918701171875e+01
9.392331695556640625e+01 7.853236389160156250e+01 7.110865020751953125e+01
6.956831359863281250e+01 7.037664794921875000e+01 7.410963439941406250e+01
7.592098236083984375e+01 6.158891296386718750e+01 7.291810607910156250e+01
8.663730621337890625e+01 6.688214111328125000e+01 7.406604766845703125e+01
8.537643432617187500e+01 8.275437927246093750e+01 7.340457153320312500e+01
6.622384643554687500e+01 7.566123962402343750e+01 7.123136901855468750e+01
6.475754547119140625e+01 7.675256347656250000e+01 7.236399078369140625e+01
8.960855865478515625e+01 8.232183837890625000e+01 7.267308044433593750e+01
7.060523223876953125e+01 8.321636962890625000e+01 7.208304595947265625e+01
7.285995483398437500e+01 8.323345184326171875e+01 7.431094360351562500e+01
5.800146484375000000e+01 7.636750030517578125e+01 7.029299926757812500e+01
5.543968200683593750e+01 7.792221832275390625e+01 7.186444091796875000e+01
5.658616638183593750e+01 7.368659973144531250e+01 6.957813262939453125e+01
5.711603546142578125e+01 7.908535003662109375e+01 7.025314331054687500e+01
5.984281921386718750e+01 7.869957733154296875e+01 7.209535980224609375e+01
8.438380432128906250e+01 6.216815567016601562e+01 7.424626922607421875e+01
5.613523864746093750e+01 7.953400421142578125e+01 7.323560333251953125e+01
5.925777435302734375e+01 7.453467559814453125e+01 7.387999725341796875e+01
7.270542907714843750e+01 6.287279891967773438e+01 7.547249603271484375e+01
5.601344299316406250e+01 7.324695587158203125e+01 7.297582244873046875e+01
5.869488525390625000e+01 8.046549987792968750e+01 7.336228179931640625e+01
7.546101379394531250e+01 8.332223510742187500e+01 7.384429168701171875e+01
7.879609680175781250e+01 8.261613464355468750e+01 7.618161773681640625e+01
6.344765853881835938e+01 8.025062561035156250e+01 7.271846771240234375e+01
8.951350402832031250e+01 7.480639648437500000e+01 7.415369415283203125e+01
8.947516632080078125e+01 7.698439025878906250e+01 7.437988281250000000e+01
6.784576416015625000e+01 8.368669128417968750e+01 7.427249145507812500e+01
8.037496185302734375e+01 6.293472671508789062e+01 7.509430694580078125e+01
8.302622985839843750e+01 6.193694305419921875e+01 7.602526092529296875e+01
6.504673767089843750e+01 8.439910125732421875e+01 7.351354217529296875e+01
6.280938720703125000e+01 8.318253326416015625e+01 7.475876617431640625e+01
8.787108612060546875e+01 7.063603973388671875e+01 7.689133453369140625e+01
6.032542419433593750e+01 8.064389801025390625e+01 7.269807434082031250e+01
6.151976394653320312e+01 7.664701843261718750e+01 7.398738098144531250e+01
8.830357360839843750e+01 8.050622558593750000e+01 7.502056121826171875e+01
6.217514801025390625e+01 7.593391418457031250e+01 7.454295349121093750e+01
7.059582519531250000e+01 6.821166992187500000e+01 7.942894744873046875e+01
5.868020629882812500e+01 8.114226531982421875e+01 7.534678649902343750e+01
5.887981414794921875e+01 7.430657958984375000e+01 7.753743743896484375e+01
8.176954650878906250e+01 8.153211975097656250e+01 7.672717285156250000e+01
7.297511291503906250e+01 6.098411941528320312e+01 7.611772918701171875e+01
7.654907989501953125e+01 6.120455169677734375e+01 7.523195648193359375e+01
6.442893981933593750e+01 8.596055603027343750e+01 7.740518188476562500e+01
6.403968048095703125e+01 7.258693695068359375e+01 7.724878692626953125e+01
6.588529968261718750e+01 7.308816528320312500e+01 7.576192474365234375e+01
7.053617858886718750e+01 8.458316802978515625e+01 7.645837402343750000e+01
6.002280426025390625e+01 8.245076751708984375e+01 7.570331573486328125e+01
5.546090316772460938e+01 7.903477478027343750e+01 7.807039642333984375e+01
6.706893920898437500e+01 8.465797424316406250e+01 7.787731933593750000e+01
8.478771972656250000e+01 6.183248901367187500e+01 7.790187835693359375e+01
7.196975708007812500e+01 6.621831512451171875e+01 7.964862823486328125e+01
7.322462463378906250e+01 8.345366668701171875e+01 7.798113250732421875e+01
5.718806838989257812e+01 8.080532073974609375e+01 7.860483551025390625e+01
6.138096237182617188e+01 7.406148529052734375e+01 7.688796997070312500e+01
8.837635803222656250e+01 7.527778625488281250e+01 7.584934997558593750e+01
8.586548614501953125e+01 6.446871185302734375e+01 7.863471984863281250e+01
8.621271514892578125e+01 7.913359069824218750e+01 7.644937133789062500e+01
6.003246688842773438e+01 8.394697570800781250e+01 7.723497009277343750e+01
6.640781402587890625e+01 7.034724426269531250e+01 7.815061950683593750e+01
7.927343750000000000e+01 6.263169097900390625e+01 7.727490234375000000e+01
7.271066284179687500e+01 5.790116119384765625e+01 7.758847045898437500e+01
5.646928787231445312e+01 7.526892089843750000e+01 7.860337066650390625e+01
7.982637023925781250e+01 8.186066436767578125e+01 7.968001556396484375e+01
6.148051834106445312e+01 8.538584899902343750e+01 7.866177368164062500e+01
6.083494949340820312e+01 7.384640502929687500e+01 7.961914825439453125e+01
6.386581420898437500e+01 7.219734954833984375e+01 8.033154296875000000e+01
8.146240234375000000e+01 6.390067291259765625e+01 8.106486511230468750e+01
7.629751586914062500e+01 8.317794799804687500e+01 7.961930084228515625e+01
8.552552795410156250e+01 7.605016326904296875e+01 7.974049377441406250e+01
7.200779724121093750e+01 6.043325042724609375e+01 7.845221710205078125e+01
7.122875213623046875e+01 5.791992950439453125e+01 7.814878845214843750e+01
7.669934844970703125e+01 6.069204330444335938e+01 7.822288513183593750e+01
7.262276458740234375e+01 5.646854019165039062e+01 8.102746582031250000e+01
6.887660980224609375e+01 6.946513366699218750e+01 7.989875793457031250e+01
6.639486694335937500e+01 8.505844116210937500e+01 7.997345733642578125e+01
8.466468811035156250e+01 7.781008148193359375e+01 8.075984191894531250e+01
6.398837280273437500e+01 8.827455139160156250e+01 8.008313751220703125e+01
6.975774383544921875e+01 8.414270782470703125e+01 8.143628692626953125e+01
8.680229187011718750e+01 7.369049835205078125e+01 8.087107849121093750e+01
8.789764404296875000e+01 6.865314483642578125e+01 8.119920349121093750e+01
6.799317169189453125e+01 6.984426879882812500e+01 8.419008636474609375e+01
6.376839065551757812e+01 8.857514953613281250e+01 7.880296325683593750e+01
7.108422088623046875e+01 5.648745346069335938e+01 7.971427917480468750e+01
5.901808929443359375e+01 8.704962921142578125e+01 8.112926483154296875e+01
7.195948791503906250e+01 6.374075317382812500e+01 8.321535491943359375e+01
5.918727111816406250e+01 7.607652282714843750e+01 8.276760101318359375e+01
5.747772979736328125e+01 8.135972595214843750e+01 8.204486083984375000e+01
5.642122650146484375e+01 7.874019622802734375e+01 8.261315917968750000e+01
7.889785766601562500e+01 6.357096481323242188e+01 8.132944488525390625e+01
7.721364593505859375e+01 6.259508132934570312e+01 8.264203643798828125e+01
8.701200103759765625e+01 6.720236206054687500e+01 8.251061248779296875e+01
6.092159271240234375e+01 7.409837341308593750e+01 8.328733825683593750e+01
6.258994674682617188e+01 7.335070800781250000e+01 8.694653320312500000e+01
7.008470916748046875e+01 5.787287902832031250e+01 8.145287322998046875e+01
7.134971618652343750e+01 6.015880584716796875e+01 8.271175384521484375e+01
6.928251647949218750e+01 5.711046218872070312e+01 8.388472747802734375e+01
7.264643859863281250e+01 8.293678283691406250e+01 8.309873962402343750e+01
6.145841217041015625e+01 8.841320800781250000e+01 8.218016815185546875e+01
8.360245513916015625e+01 6.332780456542968750e+01 8.081683349609375000e+01
7.387276458740234375e+01 5.802551269531250000e+01 8.368059539794921875e+01
8.146112060546875000e+01 7.875794982910156250e+01 8.408630371093750000e+01
6.983829498291015625e+01 6.883917236328125000e+01 8.438464355468750000e+01
8.255774688720703125e+01 6.430872344970703125e+01 8.361360931396484375e+01
6.964915466308593750e+01 5.534541702270507812e+01 8.150183105468750000e+01
7.687529754638671875e+01 8.089451599121093750e+01 8.777756500244140625e+01
5.804370498657226562e+01 8.455541992187500000e+01 8.362295532226562500e+01
7.152497100830078125e+01 6.668334197998046875e+01 8.439443969726562500e+01
8.715108489990234375e+01 6.904988861083984375e+01 8.505294036865234375e+01
8.359229278564453125e+01 6.448385620117187500e+01 8.327748107910156250e+01
7.561786651611328125e+01 6.017994689941406250e+01 8.510978698730468750e+01
6.678807067871093750e+01 8.483058166503906250e+01 8.385668182373046875e+01
6.403404235839843750e+01 8.762540435791015625e+01 8.455084991455078125e+01
6.635805511474609375e+01 7.185446929931640625e+01 8.691725921630859375e+01
7.053462219238281250e+01 5.248874282836914062e+01 8.258782958984375000e+01
8.387200927734375000e+01 7.718840026855468750e+01 8.576850891113281250e+01
7.266092681884765625e+01 5.583376693725585938e+01 8.390160369873046875e+01
5.618346023559570312e+01 8.819686126708984375e+01 8.426490020751953125e+01
6.907994842529296875e+01 5.313610839843750000e+01 8.339137268066406250e+01
5.839747619628906250e+01 8.019735717773437500e+01 8.553879547119140625e+01
6.780682373046875000e+01 5.504381179809570312e+01 8.587345123291015625e+01
6.142506790161132812e+01 8.853771972656250000e+01 8.461867523193359375e+01
5.834014511108398438e+01 8.985103607177734375e+01 8.420001220703125000e+01
7.108139038085937500e+01 5.956286239624023438e+01 8.769363403320312500e+01
7.824185180664062500e+01 6.390743255615234375e+01 8.494967651367187500e+01
8.488972473144531250e+01 7.471585845947265625e+01 8.594698333740234375e+01
5.832485198974609375e+01 8.176943969726562500e+01 8.635994720458984375e+01
8.650909423828125000e+01 7.254496765136718750e+01 8.757012939453125000e+01
8.302227783203125000e+01 6.523416137695312500e+01 8.695731353759765625e+01
7.164114379882812500e+01 6.186277008056640625e+01 8.973954772949218750e+01
6.073109817504882812e+01 8.888591003417968750e+01 8.658377075195312500e+01
5.858414077758789062e+01 9.029577636718750000e+01 8.788496398925781250e+01
6.897605895996093750e+01 4.971254730224609375e+01 8.546110534667968750e+01
7.047193908691406250e+01 4.945705795288085938e+01 8.562841033935546875e+01
5.609669876098632812e+01 9.122291564941406250e+01 8.373415374755859375e+01
5.623491287231445312e+01 9.224916839599609375e+01 8.647013092041015625e+01
5.477754974365234375e+01 9.090923309326171875e+01 8.516123199462890625e+01
6.081995773315429688e+01 7.664607238769531250e+01 8.864812469482421875e+01
7.313659667968750000e+01 8.167484283447265625e+01 8.821460723876953125e+01
8.615877532958984375e+01 6.826311492919921875e+01 8.721672821044921875e+01
6.484384918212890625e+01 8.719985961914062500e+01 8.877309417724609375e+01
7.570489501953125000e+01 6.310052108764648438e+01 8.795556640625000000e+01
7.040291595458984375e+01 6.758724975585937500e+01 8.931727600097656250e+01
8.138388824462890625e+01 7.768154907226562500e+01 8.679440307617187500e+01
5.786534118652343750e+01 8.510117340087890625e+01 8.801821136474609375e+01
6.761769866943359375e+01 8.498547363281250000e+01 8.862554931640625000e+01
5.629872894287109375e+01 8.683715057373046875e+01 8.891331481933593750e+01
6.909207916259765625e+01 4.888978958129882812e+01 8.837873840332031250e+01
6.885993957519531250e+01 5.665446090698242188e+01 8.724332427978515625e+01
7.071256256103515625e+01 4.957768249511718750e+01 8.918644714355468750e+01
7.759498596191406250e+01 6.512059783935546875e+01 8.847023010253906250e+01
7.750368499755859375e+01 8.002785491943359375e+01 9.111076354980468750e+01
7.387294769287109375e+01 6.106705474853515625e+01 8.839411926269531250e+01
5.613448333740234375e+01 9.225083923339843750e+01 8.858862304687500000e+01
8.274600219726562500e+01 7.391043090820312500e+01 8.878565979003906250e+01
6.810730743408203125e+01 5.184244155883789062e+01 9.031219482421875000e+01
7.104016876220703125e+01 5.877331161499023438e+01 9.019326782226562500e+01
5.455679321289062500e+01 9.054827117919921875e+01 8.864775085449218750e+01
7.204624938964843750e+01 5.631335449218750000e+01 8.760431671142578125e+01
6.210587310791015625e+01 8.779467010498046875e+01 8.878960418701171875e+01
6.654467773437500000e+01 7.392005157470703125e+01 9.007879638671875000e+01
8.001806640625000000e+01 7.574777984619140625e+01 9.130052947998046875e+01
5.827807235717773438e+01 8.365380096435546875e+01 9.206523132324218750e+01
5.492106628417968750e+01 9.091146850585937500e+01 9.356470489501953125e+01
6.833730316162109375e+01 6.946714019775390625e+01 8.920214080810546875e+01
7.011315155029296875e+01 5.728728485107421875e+01 9.043502044677734375e+01
5.964031219482421875e+01 8.959993743896484375e+01 9.180445861816406250e+01
6.312160110473632812e+01 7.777318572998046875e+01 9.109128570556640625e+01
8.444882965087890625e+01 7.125386810302734375e+01 8.938342285156250000e+01
6.607221984863281250e+01 5.487334442138671875e+01 9.169891357421875000e+01
6.096856689453125000e+01 7.861364746093750000e+01 9.024120330810546875e+01
5.788305664062500000e+01 8.518261718750000000e+01 9.333094787597656250e+01
8.160543060302734375e+01 6.768823242187500000e+01 9.058509063720703125e+01
8.258660125732421875e+01 6.915151214599609375e+01 9.239406585693359375e+01
5.730754852294921875e+01 9.027284240722656250e+01 9.256965637207031250e+01
7.138894653320312500e+01 5.987873840332031250e+01 9.138983917236328125e+01
7.119850158691406250e+01 5.487551116943359375e+01 9.033903503417968750e+01
6.783810424804687500e+01 8.537274169921875000e+01 9.188500976562500000e+01
7.798016357421875000e+01 7.817036437988281250e+01 9.167804718017578125e+01
7.048359680175781250e+01 8.312241363525390625e+01 9.245562744140625000e+01
7.345314788818359375e+01 7.997671508789062500e+01 9.075154113769531250e+01
7.408528900146484375e+01 6.410816955566406250e+01 9.515312957763671875e+01
5.564912033081054688e+01 8.897595977783203125e+01 9.267324829101562500e+01
6.871155548095703125e+01 7.269745635986328125e+01 9.192623901367187500e+01
6.890134429931640625e+01 6.941448211669921875e+01 9.166172027587890625e+01
7.093376159667968750e+01 6.621231079101562500e+01 9.299732971191406250e+01
8.117054748535156250e+01 7.263549041748046875e+01 9.340894317626953125e+01
7.007128143310546875e+01 5.241235351562500000e+01 9.067428588867187500e+01
6.096958541870117188e+01 8.825282287597656250e+01 9.343454742431640625e+01
5.994812011718750000e+01 8.143660736083984375e+01 9.185185241699218750e+01
7.003041076660156250e+01 5.008492660522460938e+01 9.095894622802734375e+01
7.848560333251953125e+01 6.725011444091796875e+01 9.229572296142578125e+01
7.298188018798828125e+01 6.201079559326171875e+01 9.362918853759765625e+01
6.882765197753906250e+01 5.605902481079101562e+01 9.186124420166015625e+01
6.641226196289062500e+01 7.723458862304687500e+01 9.346414184570312500e+01
7.683516693115234375e+01 6.707982635498046875e+01 9.572643280029296875e+01
5.615236663818359375e+01 8.732601928710937500e+01 9.352131652832031250e+01
7.164981842041015625e+01 6.129940795898437500e+01 9.452985382080078125e+01
6.518547058105468750e+01 5.404135513305664062e+01 9.471214294433593750e+01
6.630856323242187500e+01 8.752667999267578125e+01 9.518051147460937500e+01
7.313814544677734375e+01 7.820728302001953125e+01 9.198413085937500000e+01
5.995956039428710938e+01 8.275704193115234375e+01 9.557627105712890625e+01
6.719126129150390625e+01 5.456447601318359375e+01 9.428433227539062500e+01
7.116457366943359375e+01 6.528819274902343750e+01 9.519448852539062500e+01
6.455311584472656250e+01 8.779348754882812500e+01 9.610867309570312500e+01
7.089948272705078125e+01 6.327134323120117188e+01 9.630183410644531250e+01
7.866511535644531250e+01 7.012076568603515625e+01 9.346256256103515625e+01
6.968223571777343750e+01 8.315093994140625000e+01 9.320509338378906250e+01
6.526516723632812500e+01 7.934523010253906250e+01 9.514853668212890625e+01
6.848050689697265625e+01 7.450435638427734375e+01 9.495640563964843750e+01
6.886450958251953125e+01 7.958325195312500000e+01 9.379145050048828125e+01
7.826486206054687500e+01 7.381259155273437500e+01 9.336177062988281250e+01
7.049229431152343750e+01 7.216347503662109375e+01 9.384223937988281250e+01
7.125280761718750000e+01 7.701457977294921875e+01 9.431129455566406250e+01
7.488559722900390625e+01 7.621644592285156250e+01 9.299356842041015625e+01
5.684424591064453125e+01 8.912537384033203125e+01 9.429074096679687500e+01
6.329684066772460938e+01 7.993307495117187500e+01 9.581158447265625000e+01
7.682966613769531250e+01 6.994729614257812500e+01 9.461366271972656250e+01
7.280254364013671875e+01 6.911931610107421875e+01 9.585735321044921875e+01
6.096710968017578125e+01 8.050289154052734375e+01 9.552439880371093750e+01
7.633218383789062500e+01 7.425820159912109375e+01 9.440892028808593750e+01
7.162764739990234375e+01 7.088643646240234375e+01 9.554913330078125000e+01
7.213197326660156250e+01 7.339625549316406250e+01 9.388016510009765625e+01
6.760611724853515625e+01 8.477267456054687500e+01 9.566554260253906250e+01
6.809374237060546875e+01 8.380313110351562500e+01 9.522393035888671875e+01
6.675275421142578125e+01 8.002659606933593750e+01 9.494387054443359375e+01
7.167011260986328125e+01 7.497747039794921875e+01 9.430493164062500000e+01
5.924209976196289062e+01 8.685428619384765625e+01 9.464838409423828125e+01
7.349538421630859375e+01 7.275404357910156250e+01 9.433845520019531250e+01
7.051981353759765625e+01 7.535713958740234375e+01 9.514429473876953125e+01
6.172105026245117188e+01 8.673302459716796875e+01 9.743323516845703125e+01
6.810043334960937500e+01 7.775481414794921875e+01 9.511160278320312500e+01
6.724082946777343750e+01 8.363142395019531250e+01 9.585459899902343750e+01
6.129969024658203125e+01 8.136071777343750000e+01 9.930568695068359375e+01
7.224155426025390625e+01 6.221405029296875000e+01 9.940080261230468750e+01
6.018358230590820312e+01 8.563267517089843750e+01 9.673850250244140625e+01
7.434891510009765625e+01 6.773637390136718750e+01 9.939717102050781250e+01
6.385048294067382812e+01 8.090119934082031250e+01 9.675386810302734375e+01
7.565426635742187500e+01 6.904294586181640625e+01 9.615460205078125000e+01
7.604420471191406250e+01 6.637705230712890625e+01 9.949670410156250000e+01
7.331862640380859375e+01 6.337998962402343750e+01 9.961515808105468750e+01
7.103410339355468750e+01 6.356794357299804688e+01 9.947234344482421875e+01
6.647908782958984375e+01 8.697561645507812500e+01 9.848271179199218750e+01
6.527462005615234375e+01 8.447009277343750000e+01 9.887885284423828125e+01
6.143635177612304688e+01 8.323892974853515625e+01 9.874304199218750000e+01
7.488327789306640625e+01 6.503042602539062500e+01 1.041743469238281250e+02
6.232227706909179688e+01 8.395368957519531250e+01 9.940260314941406250e+01
6.419976806640625000e+01 8.754954528808593750e+01 1.002928619384765625e+02
6.196292877197265625e+01 8.132867431640625000e+01 1.014118194580078125e+02
6.491660308837890625e+01 8.574725341796875000e+01 1.020003433227539062e+02
6.322880935668945312e+01 8.613952636718750000e+01 1.021344070434570312e+02
6.459023284912109375e+01 8.689746093750000000e+01 1.018786239624023438e+02
6.339658737182617188e+01 8.392022705078125000e+01 1.003494338989257812e+02
7.289093017578125000e+01 6.436317443847656250e+01 1.019004440307617188e+02
7.499055480957031250e+01 6.624146270751953125e+01 1.045887680053710938e+02
7.393040466308593750e+01 6.511267089843750000e+01 1.051434555053710938e+02
7.519286346435546875e+01 6.632970428466796875e+01 1.052546539306640625e+02
7.505438995361328125e+01 6.603308105468750000e+01 1.086978988647460938e+02
