0 1 2
2 3 0
0 3 4
5 0 6
6 0 4
1 0 5
1 7 8
7 1 5
2 1 8
3 9 10
9 3 2
11 7 5
11 5 12
4 3 10
11 13 7
5 6 12
4 10 6
14 2 8
8 7 14
14 7 15
9 2 16
15 7 13
12 6 17
14 16 2
10 17 6
16 14 18
13 11 12
14 15 19
9 16 18
9 18 20
13 21 22
12 17 21
15 13 22
19 15 22
19 18 14
21 13 12
17 10 23
9 23 10
19 24 18
25 19 22
23 9 26
27 17 23
28 21 17
20 18 24
27 23 29
23 26 29
26 9 20
28 17 27
27 29 30
22 28 31
25 22 31
28 22 21
19 25 32
24 19 32
26 20 33
20 24 33
25 31 34
28 27 35
31 28 35
36 25 34
35 27 30
34 31 37
25 36 32
38 29 26
32 33 24
30 29 38
33 32 39
38 26 33
30 38 40
30 40 35
35 40 37
38 41 40
31 35 37
32 36 42
36 43 42
43 36 34
44 43 34
34 37 44
38 33 39
41 38 45
46 47 48
47 46 49
32 42 39
45 38 39
48 47 50
44 37 51
50 47 49
52 46 53
46 48 53
49 46 54
41 37 40
39 42 55
56 43 44
57 37 41
54 46 52
51 37 57
50 49 58
56 44 59
57 41 60
48 50 61
60 41 45
44 51 62
61 50 63
53 48 61
53 61 64
65 39 55
65 45 39
54 52 66
42 43 56
53 67 52
44 62 59
56 59 68
58 49 54
60 45 69
65 69 45
42 56 68
70 61 63
71 72 73
66 52 67
66 67 74
54 66 75
71 76 77
77 76 78
76 71 73
51 57 79
63 50 58
58 54 75
55 42 68
61 80 64
70 80 61
76 73 81
60 79 57
71 77 82
62 51 83
77 78 82
84 55 68
68 59 85
68 70 63
70 68 86
68 63 84
67 53 64
67 64 74
84 63 58
86 68 85
66 74 75
55 84 87
59 62 88
55 87 65
80 70 86
79 60 89
72 71 82
83 51 79
79 90 83
87 91 65
81 92 76
91 69 65
78 76 92
93 84 58
69 91 94
64 80 95
75 96 58
81 73 97
98 84 93
87 84 98
83 88 62
80 86 99
90 79 89
89 60 69
72 100 73
75 74 101
83 90 102
59 88 85
93 58 96
97 103 81
104 78 92
74 64 95
82 78 104
91 87 98
93 96 105
97 73 100
96 75 101
88 83 102
101 74 95
89 106 90
89 69 94
100 72 82
82 107 100
91 108 94
95 80 109
80 99 109
98 93 105
103 110 92
92 81 103
104 92 110
89 111 106
111 89 94
99 86 112
85 88 113
108 91 98
97 114 103
107 82 104
112 86 85
101 95 109
108 98 115
112 85 113
88 102 116
88 116 113
98 105 117
107 118 100
110 103 114
96 101 109
100 118 114
111 94 119
104 110 120
114 97 100
119 94 108
119 108 115
107 104 121
102 90 106
122 110 114
106 123 102
114 124 122
125 104 120
104 125 121
116 102 123
109 99 126
115 98 127
107 128 118
128 107 121
129 119 130
96 109 131
96 132 105
133 110 122
120 110 133
134 106 111
115 130 119
117 127 98
124 114 118
109 126 131
115 127 135
111 119 136
137 129 130
116 123 138
99 112 126
117 105 132
132 96 131
128 121 139
129 137 140
136 119 129
120 133 141
124 142 122
122 143 133
121 125 139
130 144 137
145 140 137
123 106 134
143 145 133
124 118 146
141 133 145
140 147 129
145 137 148
136 129 147
143 147 140
143 140 145
141 125 120
111 136 134
148 149 145
145 149 141
130 115 135
130 135 144
125 141 150
131 126 151
136 152 153
154 112 113
137 144 148
143 122 142
142 124 146
117 132 155
154 113 116
154 116 138
147 143 142
118 128 156
148 157 149
136 147 152
148 144 158
128 139 156
149 157 159
160 132 131
134 136 153
156 139 161
146 118 156
146 162 142
155 163 117
127 117 164
134 153 123
161 139 125
126 112 154
149 150 141
149 159 150
132 165 155
160 166 132
167 147 142
150 161 125
164 135 127
164 168 135
162 169 142
146 156 162
156 161 170
152 147 167
150 159 171
160 131 151
157 148 158
172 150 171
165 132 166
153 152 173
174 126 154
117 163 164
169 167 142
175 138 123
176 138 175
170 162 156
144 135 177
144 177 158
178 157 158
170 161 179
159 157 178
175 123 153
176 154 138
162 170 169
177 135 168
173 152 180
172 161 150
179 161 172
160 151 181
151 126 182
151 182 181
183 154 176
126 174 182
175 173 184
173 175 153
179 169 170
165 185 163
171 159 186
177 168 187
163 155 165
172 188 179
158 189 178
169 179 188
189 158 177
183 174 154
190 188 172
159 178 186
167 169 191
152 191 180
173 180 184
172 171 192
175 184 193
191 152 167
191 169 194
168 164 195
172 192 190
188 194 169
187 195 196
160 181 197
190 192 198
176 175 199
189 200 178
177 187 201
182 174 202
195 187 168
166 160 197
174 183 203
192 171 186
201 189 177
182 202 181
191 184 180
186 178 200
184 191 204
190 205 188
197 181 206
200 189 207
185 165 208
202 174 203
201 187 196
190 198 205
195 164 209
165 166 208
183 199 203
199 183 176
188 210 194
193 199 175
198 192 186
185 164 163
185 209 164
202 203 211
186 200 210
212 203 199
181 202 213
197 208 166
210 188 214
215 203 212
215 211 203
214 188 205
216 193 184
217 212 199
186 214 198
218 219 212
204 191 194
208 197 220
214 186 210
219 221 222
193 223 217
216 184 204
222 215 212
212 219 222
218 224 219
217 199 193
210 200 225
207 189 226
220 197 206
223 193 216
205 198 214
206 181 213
209 185 227
202 211 228
194 210 229
230 208 220
208 227 185
224 221 219
226 189 201
226 201 231
215 228 211
229 204 194
224 218 232
204 233 216
200 207 225
195 209 234
195 234 196
218 217 232
235 215 222
217 218 212
213 236 206
221 235 222
210 225 237
208 238 227
213 202 228
196 231 201
215 235 228
239 221 224
235 240 228
220 206 241
229 210 237
209 227 234
223 216 242
243 244 217
226 245 207
228 240 246
241 247 220
213 228 246
234 227 248
243 223 242
249 216 233
243 217 223
250 221 251
221 239 251
250 235 221
245 237 225
244 232 217
233 204 252
253 232 254
255 256 257
256 255 258
258 255 259
252 229 237
245 225 207
253 224 232
253 239 224
230 260 208
248 227 238
249 242 216
256 258 261
255 257 262
259 255 262
232 244 254
250 240 235
241 236 263
236 241 206
257 256 264
252 204 229
265 258 259
254 244 266
220 247 230
236 213 246
238 208 260
244 243 267
251 239 268
269 226 231
270 245 226
270 226 269
271 239 253
252 237 245
260 230 272
260 272 273
239 274 275
239 275 268
239 271 274
261 258 265
234 276 196
277 268 275
277 265 259
251 268 278
268 277 259
252 245 270
243 242 267
262 257 264
244 267 266
231 196 276
278 259 262
252 279 233
247 241 263
278 280 251
278 268 259
236 246 281
261 265 282
262 264 283
242 249 284
252 270 279
247 263 285
230 247 286
274 287 275
250 251 280
250 288 289
271 253 290
253 254 290
278 262 280
282 265 277
291 277 275
256 261 292
248 276 234
282 292 261
274 271 293
233 279 249
277 291 282
286 272 230
260 273 294
238 260 294
263 236 295
266 296 254
288 250 280
289 240 250
236 281 295
264 256 292
249 279 284
289 246 240
247 285 286
282 297 292
298 262 283
298 280 262
296 290 254
270 299 279
300 248 238
287 274 293
301 279 299
275 302 291
269 231 276
269 276 299
299 270 269
289 303 246
273 272 304
238 294 300
301 284 279
282 291 297
288 280 298
289 288 303
304 272 286
305 286 285
283 264 306
284 307 242
287 308 275
293 271 290
298 309 310
273 304 311
296 266 312
312 266 267
313 301 299
285 263 314
285 315 305
267 242 307
316 286 305
316 305 317
302 297 291
302 275 308
281 246 318
287 293 319
301 320 284
315 285 314
298 283 309
292 306 264
288 298 310
303 318 246
304 286 316
287 319 321
293 290 322
313 299 323
276 248 324
306 309 283
267 307 312
303 288 310
276 323 299
318 303 325
308 287 326
287 321 326
311 294 273
301 313 320
315 327 305
328 302 308
263 329 314
290 296 322
324 248 300
309 306 330
302 331 297
305 327 317
293 322 319
306 292 332
292 297 332
304 316 333
316 334 333
335 324 300
336 310 309
336 337 310
324 323 276
338 339 340
314 338 315
314 339 338
296 312 341
328 308 342
294 311 343
308 326 342
300 294 343
335 300 343
317 344 316
327 315 338
344 334 316
284 320 345
318 346 281
325 303 310
333 311 304
343 311 347
348 327 338
348 338 340
327 348 317
332 297 331
330 306 332
307 345 349
309 330 336
339 314 329
331 302 350
295 281 351
323 324 352
263 295 329
329 295 351
350 302 328
343 353 335
354 334 344
355 356 319
333 347 311
347 353 343
345 307 284
326 321 342
281 346 351
357 325 310
357 310 337
348 358 317
313 359 320
356 321 319
319 322 355
317 358 360
328 361 350
348 362 358
332 331 363
340 362 348
340 364 362
342 321 365
328 342 366
367 339 329
352 324 335
312 307 349
322 296 341
366 342 365
368 333 334
345 320 359
355 322 341
313 323 369
363 331 370
330 332 363
323 352 371
339 367 340
346 318 325
317 360 344
365 321 356
361 328 366
368 347 333
353 347 372
353 372 335
359 313 369
341 312 349
373 367 329
365 374 375
358 362 376
358 377 360
350 370 331
378 366 379
366 378 361
361 378 380
380 378 379
366 365 375
377 358 376
336 330 381
369 323 371
382 341 349
352 335 383
356 355 384
334 354 385
351 346 386
387 345 359
370 350 388
388 350 361
355 341 389
341 382 389
361 380 390
385 368 334
377 376 391
340 367 392
360 377 393
364 340 392
325 386 346
347 368 394
361 390 388
387 395 345
381 330 363
383 335 372
385 354 396
372 347 394
397 380 379
359 398 387
364 399 362
392 367 400
380 397 401
344 360 402
384 355 389
374 365 403
379 366 375
373 329 351
357 337 404
337 336 381
354 344 396
349 345 395
390 380 401
365 356 384
400 344 402
396 344 400
376 362 399
387 398 405
406 370 388
383 371 352
360 393 402
407 401 397
403 365 384
369 398 359
325 357 408
377 391 393
398 369 371
392 400 409
368 385 394
375 374 410
408 386 325
337 381 411
383 412 371
399 364 413
381 363 414
363 370 414
388 390 415
379 375 397
412 398 371
372 416 383
391 376 399
412 383 417
375 410 418
396 400 419
420 402 393
400 402 409
384 389 421
387 405 422
381 414 411
421 389 382
421 382 423
349 395 424
382 349 424
397 375 418
385 396 425
401 426 390
420 409 402
357 404 427
406 388 415
408 357 427
408 427 428
394 416 372
351 386 429
385 425 394
398 430 405
383 416 417
395 387 422
420 393 431
413 364 392
382 424 423
403 384 432
367 373 419
429 373 351
370 406 433
411 404 337
370 433 414
393 391 434
417 430 412
434 431 393
403 410 374
400 367 419
386 428 429
416 394 435
407 426 401
434 391 399
434 399 431
430 398 412
396 419 436
425 396 436
413 392 437
437 392 409
404 411 438
394 425 439
408 428 386
426 440 390
419 373 441
409 420 437
399 413 442
384 421 443
407 397 418
410 403 432
444 424 395
433 406 445
431 399 446
415 390 440
439 435 394
373 429 447
431 437 420
432 384 448
444 395 422
446 399 442
436 419 441
373 449 441
450 416 435
450 417 416
423 451 421
438 411 452
404 438 453
454 424 444
427 404 453
431 446 437
448 384 443
442 413 446
446 413 437
422 405 455
456 428 427
444 457 454
458 444 422
423 454 451
423 424 454
440 426 459
450 430 417
414 460 411
435 439 461
450 435 461
430 455 405
429 428 462
418 410 459
447 449 373
432 459 410
457 444 458
463 414 433
456 427 453
430 450 455
464 422 455
465 428 456
458 422 464
464 466 458
460 414 463
452 411 460
426 418 459
426 407 418
467 421 451
467 451 468
445 406 415
451 454 469
458 470 457
471 459 432
464 472 466
463 433 445
470 473 457
470 466 473
470 458 466
447 429 462
448 474 432
475 454 457
459 415 440
415 459 471
473 466 456
462 428 465
461 464 450
461 472 464
450 464 455
451 469 468
466 465 456
473 456 453
438 475 453
468 476 467
467 443 421
460 463 477
469 454 475
469 476 468
465 466 472
471 432 474
473 453 475
473 475 457
441 478 436
452 475 438
452 469 475
445 415 471
445 471 479
469 452 476
447 462 480
460 481 452
482 461 439
465 472 482
472 461 482
439 425 483
425 484 483
479 471 474
482 483 480
482 462 465
476 452 481
462 482 480
482 439 483
441 449 485
486 448 443
476 487 467
484 425 436
485 449 447
488 445 479
476 481 487
483 484 489
477 463 445
486 443 467
488 479 490
488 477 445
478 484 436
448 486 491
490 479 474
477 488 492
486 467 493
474 448 491
481 460 477
481 477 492
467 487 493
478 441 485
480 485 447
490 474 494
491 486 495
481 492 496
487 481 496
478 497 484
483 489 498
489 484 497
495 486 493
480 483 498
496 488 490
491 494 474
480 497 485
496 492 488
487 496 493
496 490 494
497 480 498
478 485 497
494 491 495
497 498 499
494 493 496
489 497 499
493 494 495
499 498 500
499 500 501
500 498 489
489 501 500
489 499 501
