8.235948753273019918e+01 8.249261136555185203e+01 1.341738773396946272e+01
8.130447127238851124e+01 8.184131845444093756e+01 1.610185878763377332e+01
8.275958673410080735e+01 8.044784956630772399e+01 1.909578958743307453e+01
8.351436589201202310e+01 8.158475346569071007e+01 1.667317144479883950e+01
8.360400572815406406e+01 8.266181112122518471e+01 1.821815386530721526e+01
8.178595500988460287e+01 8.301488886262148981e+01 1.707221238356461868e+01
8.268906241940553059e+01 8.347415859203607624e+01 1.977343455567856267e+01
8.091070151449932268e+01 8.198685930659036103e+01 1.853303733327265945e+01
8.198278431957184864e+01 8.060075556754767945e+01 1.880280476142274892e+01
8.456356548697938535e+01 8.044167022082734775e+01 2.411272345243790483e+01
8.441858624011049983e+01 8.265761384828590508e+01 2.321356621509886509e+01
8.021860790254939388e+01 8.243988799596550621e+01 2.166546878549428357e+01
8.044943887911921365e+01 8.313596799776121316e+01 2.266164516584859712e+01
7.950414332156491071e+01 8.030707358386825945e+01 2.544709761201286824e+01
8.127077058835656942e+01 7.809873071124874855e+01 2.483116013989183557e+01
7.989407015324616168e+01 7.882094587682809106e+01 2.521181292894181070e+01
8.323652133065141356e+01 7.864551764550657253e+01 2.373689144821315722e+01
8.220690768459189712e+01 8.454221573907935294e+01 2.684265408697564226e+01
8.342224825872291660e+01 7.849280071262455749e+01 2.814608913883515129e+01
8.147190911077328224e+01 7.890775838075236948e+01 3.051888457353166473e+01
8.570232331769258849e+01 8.102850889315487848e+01 3.032361372535541477e+01
7.972983358602311910e+01 8.288400289774844509e+01 2.876197248512704618e+01
7.959667881058969385e+01 8.061094408234495745e+01 3.009914292294465099e+01
8.527700075973928051e+01 8.357962014327731026e+01 2.949385700421646561e+01
8.499272339580876690e+01 8.064445200768903987e+01 3.276657920794326628e+01
8.047562502707911847e+01 7.980700168068105427e+01 3.187677824648298497e+01
8.706017112067900143e+01 8.397049178577353246e+01 3.375009034104877514e+01
8.284610801386878620e+01 8.493812453786000560e+01 3.059307820029508207e+01
8.009317942019322345e+01 8.396581860515212270e+01 3.145508673183175574e+01
8.557632525126021505e+01 8.486370053066269747e+01 3.395841638281780206e+01
8.326562946488735406e+01 8.533293024729746890e+01 3.407289482197157326e+01
7.867459861397912846e+01 8.260402036185107022e+01 3.277229603718041062e+01
8.244197559488351601e+01 7.927611997662950216e+01 3.646883957259407794e+01
8.520646483199459453e+01 8.173884350029427992e+01 3.654624422506850578e+01
7.848944369083019978e+01 7.968478325945045526e+01 3.525076575302463766e+01
8.042880290035623148e+01 8.475411302294827465e+01 3.352869630989277994e+01
7.971833499368574394e+01 7.816186013671503474e+01 3.558662371266987634e+01
7.830851641907045746e+01 8.202600440871421483e+01 3.741479061861406308e+01
8.435750254974539075e+01 8.266730726133127405e+01 3.757797512851951183e+01
8.243426592496714989e+01 7.841506735798384398e+01 3.970146561004645491e+01
8.062890250909497070e+01 8.359280331309494727e+01 3.715691407785362799e+01
8.037254368926109294e+01 8.245066399157963133e+01 3.929410607166113323e+01
7.931516175157274517e+01 7.526769842369529329e+01 4.223464850938322002e+01
7.801589567583324936e+01 7.625264051011879474e+01 3.974503754416980428e+01
7.624152938903502275e+01 7.893241157949319131e+01 3.985378542529542756e+01
8.309354254250925464e+01 8.038295235607625955e+01 4.127040905452383868e+01
7.623310261405265464e+01 6.301720410251562043e+01 3.626687581711465214e+01
7.699551131815866256e+01 6.462140210301697607e+01 3.511956959712790649e+01
7.495516098209428435e+01 6.495219448342018609e+01 3.742725595158833585e+01
7.835420880767225071e+01 6.462641577380219360e+01 3.831026705580373459e+01
7.717620512223655282e+01 6.714783747184063145e+01 4.103908159663041033e+01
7.615075381473687344e+01 8.045986275348457184e+01 4.279018750377858282e+01
7.618954753370961441e+01 6.268418813336671747e+01 3.931131945709000775e+01
7.475893184273400038e+01 6.443888835987698371e+01 4.060224935367509147e+01
7.851775238245242861e+01 6.364334394334920830e+01 4.122787197482355737e+01
8.143126544617088314e+01 7.410242235187203619e+01 4.573532450792109216e+01
7.786852510657024595e+01 7.515050997221334228e+01 4.286592580759489124e+01
7.828486070188021984e+01 8.163958566817822771e+01 4.243976028764322450e+01
7.846326645932977328e+01 6.659166961998803913e+01 4.343219018738162163e+01
7.667709407314519865e+01 7.550108811142786180e+01 4.561122439294970832e+01
8.048634152501045946e+01 8.085224575894480381e+01 4.437041112243275620e+01
7.620106515423900362e+01 6.712000590908525055e+01 4.221732537628338378e+01
7.524851681903551537e+01 7.869978852803771474e+01 4.452014198206020978e+01
7.787865238279709956e+01 6.903571606305106911e+01 4.370290178626964916e+01
7.496639844510910677e+01 6.527683116163547083e+01 4.440508787731124585e+01
8.218506175270097458e+01 7.525123066191818566e+01 4.560155345619128298e+01
7.755671370273097409e+01 6.284388165517802349e+01 4.224499883183881366e+01
7.561473082455911765e+01 6.319176233500920148e+01 4.295494705976403793e+01
7.860258091402661762e+01 7.194415175367038273e+01 4.517536940268979606e+01
8.241868391774551128e+01 7.909856936556624873e+01 4.656192726826557760e+01
7.695641605366959936e+01 6.956869572449400607e+01 4.405068973236552665e+01
9.501470096322326242e+01 9.290147947678460127e+01 4.522037030629306287e+01
9.435154746360765898e+01 9.423525226891709394e+01 4.769140685764841692e+01
9.380570416890313368e+01 9.218253761754417042e+01 4.647723449978460053e+01
7.508586655902190898e+01 6.355970193998774675e+01 4.460541355299335464e+01
7.813398154041784949e+01 6.382900320300481667e+01 4.558851971983344242e+01
9.548368924275689551e+01 9.097492649888184246e+01 4.546035929317642399e+01
9.600767113633654048e+01 9.265234617674241235e+01 4.554449288058989964e+01
9.684142276767771307e+01 9.212543796808176921e+01 4.688110438533138336e+01
7.702451743986216570e+01 8.172406663640583702e+01 4.506672191791221849e+01
7.561238839439459980e+01 6.854732412183361134e+01 4.603018365855254501e+01
9.477726413847818776e+01 9.102821107107365606e+01 4.794699600962215413e+01
9.656109930866654167e+01 9.393267500016105487e+01 4.859437424494910829e+01
7.549414570075933284e+01 8.025495042774622334e+01 4.570406707243560618e+01
8.108101935375248104e+01 7.091863417692528060e+01 4.699751979850773864e+01
7.744847892132641221e+01 7.262003038823152679e+01 4.632192891242652877e+01
7.710415277158107017e+01 7.038600679553579198e+01 4.584128450636382013e+01
8.256724247164076758e+01 7.361536560710186450e+01 4.772999187875583971e+01
7.608373373985030241e+01 7.662915632394370391e+01 4.851082431085723101e+01
7.922470583398013844e+01 8.058892143525403640e+01 4.769604798507739929e+01
7.670748290183759366e+01 8.036349517156386923e+01 4.790587885284094227e+01
8.291142724866857350e+01 7.439752297910069956e+01 4.795312848972312736e+01
9.581183114113086674e+01 9.087676764579117616e+01 4.849558290672811722e+01
7.912618289692373708e+01 6.755957873692184990e+01 4.660149151421225611e+01
8.247343765576492558e+01 7.961888306420249251e+01 4.902678940870407587e+01
7.561836834291855780e+01 6.554980341425013535e+01 4.775923463520643963e+01
7.834838049802341686e+01 6.503349713058258885e+01 4.949332424865386315e+01
9.406583236406510196e+01 9.196882164792307890e+01 4.923595869388358892e+01
8.217476773733797302e+01 7.039813071216414642e+01 4.952216949446204808e+01
7.548880322522984443e+01 6.882382534327069834e+01 5.140853299222678174e+01
9.439565336788933791e+01 9.340883743535721351e+01 4.980561437562244009e+01
7.714178240523321506e+01 6.425760192956619221e+01 4.754040455233808871e+01
7.612029309515510533e+01 7.841123676369170425e+01 4.954117008449628656e+01
9.468228158001168993e+01 9.077173033602571195e+01 4.943630042239394129e+01
9.654314084813432828e+01 9.180584077593181291e+01 5.120099973751115385e+01
7.923711398312354959e+01 6.718914006997286492e+01 5.112715211844590613e+01
7.767445791416398038e+01 8.030816296364935170e+01 5.177277404224034285e+01
9.531539554754816379e+01 9.298101712233898297e+01 5.144323123687581756e+01
8.374362060020624199e+01 7.499736764496097408e+01 5.096293687231712966e+01
7.597164630960388365e+01 6.592614438547985856e+01 5.188736540723169810e+01
9.538899217739499647e+01 8.939608277329296016e+01 5.123027741006896463e+01
7.976579519218573466e+01 8.049377028207803164e+01 5.173521534064249749e+01
7.540832315583388379e+01 7.173891361243806841e+01 5.501392794448446466e+01
7.553918242527754501e+01 7.415208594374706763e+01 5.306510398917455973e+01
9.348763614502340147e+01 9.099247717869263852e+01 5.144488892734048591e+01
8.539265143798775171e+01 7.615455934005467498e+01 5.449341085359156978e+01
7.546579757897667662e+01 7.611491005539340904e+01 5.383172537011097347e+01
8.257886423103767015e+01 6.871801910612569486e+01 5.582977082067606034e+01
9.358077145532240593e+01 9.221509959663839595e+01 5.405886832228623007e+01
8.382927045026309543e+01 8.009607378942476430e+01 5.229439504981615983e+01
9.658057232203356079e+01 8.779995309619829413e+01 5.357002134280455152e+01
9.661304335001216259e+01 9.140597059043963668e+01 5.489530798186575566e+01
9.267460901738087387e+01 8.862783635617711298e+01 5.355674615672705841e+01
7.582463804370961213e+01 7.937165771057320285e+01 5.529319867467009431e+01
9.255095913979405964e+01 9.104215337603008606e+01 5.435849671882158418e+01
9.755794931766632772e+01 8.865709240135811342e+01 5.619846857730888701e+01
7.412791008971065310e+01 6.974194019162740688e+01 5.733858018618960273e+01
8.435247626190214021e+01 7.175147195476563411e+01 5.606819614605689139e+01
9.547810057543084383e+01 9.227548360066953137e+01 5.564710770209723023e+01
8.571662441138958854e+01 8.060797761142075046e+01 5.351709494674216216e+01
8.614434803339351276e+01 7.782794622954548913e+01 5.460640947467973660e+01
7.633521346231614757e+01 6.631948784058189972e+01 5.464889486203597357e+01
8.017365386319330867e+01 6.556071826276689762e+01 5.582766065241216324e+01
9.381997532377552318e+01 8.604841791111809357e+01 5.360546612929061894e+01
7.734672134786427478e+01 8.053829890145706827e+01 5.527014049342687940e+01
8.561228235732473024e+01 7.530892755500190106e+01 5.666778514352972707e+01
8.256984438391187098e+01 8.209274355007880786e+01 5.670218257362154191e+01
8.871413342382663814e+01 7.947666121578345155e+01 5.396845087843445299e+01
7.474997456196679479e+01 7.925961465869764311e+01 5.755750933520869239e+01
9.731631532406747453e+01 9.091157569117197568e+01 5.706090948572892785e+01
8.801537628525427692e+01 8.212332753550265352e+01 5.493214409920031471e+01
9.439792221064591615e+01 8.491805164702142861e+01 5.513068202278344643e+01
9.112431535302415853e+01 8.751663122688549379e+01 5.699867873294365950e+01
9.047252010560912083e+01 8.475884205703491148e+01 5.509484496211021565e+01
8.756783175606219061e+01 7.680538379259007797e+01 5.648050417094140130e+01
9.113154741548866866e+01 8.327789427317344462e+01 5.474735160482819651e+01
9.239870202806682187e+01 9.222928151334164681e+01 5.825847600569898077e+01
8.788676098803395575e+01 8.386756691302250033e+01 5.716008005683693227e+01
9.148837313461925191e+01 7.836312556916408312e+01 5.601781696862084914e+01
9.385493389094091299e+01 8.172924281504762689e+01 5.636798729306696032e+01
9.682244994321098375e+01 8.666179590949255385e+01 5.993283394845005319e+01
7.422412974959206622e+01 6.865292118876951122e+01 5.851181599111910714e+01
8.193629425216397522e+01 8.373589842588208398e+01 6.072018828086149256e+01
7.817535968621132270e+01 8.254007464881397027e+01 5.872895301286243352e+01
7.423898420444584190e+01 7.449814668209458546e+01 5.730719776370921181e+01
8.343304321399979528e+01 6.529462793529572195e+01 5.823469024434967878e+01
9.619448948174705549e+01 9.226599819713757711e+01 5.943711922354998478e+01
9.348855307776443624e+01 7.926361596189389047e+01 5.939934308642892802e+01
9.131480710290034608e+01 7.769468214180611199e+01 6.011663287330327421e+01
9.483197705838556146e+01 8.256828291701938838e+01 6.050315664113927028e+01
7.659306931295300558e+01 6.695763553035726545e+01 6.032698532603086505e+01
9.728560658196052202e+01 9.004267598002698492e+01 6.003605090207540229e+01
9.262234001654951498e+01 9.248542823932137935e+01 6.120453002749317761e+01
8.412299807788552641e+01 6.608242651100670173e+01 5.939439023065889955e+01
8.438385838045822140e+01 6.958651019680524996e+01 6.062023992528884264e+01
8.214789703388004227e+01 6.480507771263197014e+01 5.960750669024005788e+01
8.005215273225751105e+01 6.598793153622003160e+01 6.173724215156670425e+01
8.789433313193559627e+01 8.571962209994700288e+01 6.246395018279977762e+01
8.537996421954078130e+01 7.323668429703266725e+01 6.054081351099227959e+01
9.171377206701592399e+01 8.946680615115334945e+01 6.223062397985927419e+01
9.512340814722102778e+01 9.160475079718432312e+01 6.233665574499755735e+01
9.654720482061635778e+01 8.407139535812640929e+01 6.231867914246100781e+01
9.715219233316602754e+01 8.654360656539117258e+01 6.203830489849937635e+01
7.802324123467343497e+01 8.431918481717497116e+01 6.151865844242271919e+01
7.287972908566644037e+01 7.378107625978179840e+01 5.952525320421804622e+01
7.533368619307182712e+01 8.138006969633741505e+01 6.060487466290521752e+01
7.319328994898566521e+01 7.975689060822028864e+01 6.028271076073093582e+01
8.932379765704423846e+01 7.598727438052168282e+01 6.275618166571186407e+01
9.434332657156417667e+01 7.935139573265396962e+01 6.282174352110752125e+01
9.536318049168441746e+01 8.951620341012520043e+01 6.260589178490280915e+01
8.064155690881656824e+01 8.444652117861150487e+01 6.248027099166733933e+01
7.208219888453632507e+01 6.978816059785941661e+01 6.154579189079566959e+01
7.162356232847679394e+01 7.121865125572790589e+01 6.142588745555497098e+01
7.254040733036849531e+01 7.718229342527840231e+01 6.085502009777832200e+01
7.817226724829777140e+01 8.419728754763804091e+01 6.405435603232379549e+01
8.482537124346535506e+01 6.671884865482570603e+01 6.467928076345933164e+01
9.585437792383254418e+01 8.208064330925327567e+01 6.608271364996306829e+01
8.668027640553033564e+01 7.400912146555148752e+01 6.309007135283135881e+01
9.409014129573483842e+01 8.719506461023834731e+01 6.399087253964609090e+01
9.152834081896891405e+01 7.562188877677428422e+01 6.580265346508980429e+01
9.667897653329251284e+01 8.660418434421052325e+01 6.545181885650436016e+01
8.785354116426793780e+01 8.614341541842424022e+01 6.415240281002093070e+01
9.854573705156768426e+01 8.437436165083568085e+01 6.482572181070779038e+01
7.680171948110607616e+01 8.334174301261572282e+01 6.501711958998745899e+01
9.102139029979417728e+01 8.613781719925938773e+01 6.603177276251528838e+01
8.614622058992877385e+01 7.216409636566689301e+01 6.540613851543295709e+01
8.834905557118639763e+01 7.211606220372246412e+01 6.943292274833348188e+01
7.782735207464367022e+01 6.640839806208757068e+01 6.391536210690492226e+01
9.828151906791966042e+01 8.508750615838548015e+01 6.730889169883855061e+01
7.294960191467450272e+01 8.062097210232650468e+01 6.240852502450226780e+01
9.675868212227065612e+01 7.807955589234211402e+01 6.772321890187942017e+01
8.914457596231419245e+01 7.395362312154298934e+01 6.716024789098955239e+01
7.133915830185596008e+01 7.236089545736999185e+01 6.326386570129821507e+01
7.213634728457107315e+01 7.760050646436349098e+01 6.338487513980064136e+01
8.673866523527181016e+01 8.589090511296356567e+01 6.899677373542473902e+01
9.729200004354221676e+01 8.585660182149561592e+01 6.808343389490121922e+01
7.423674764178814200e+01 6.730349572014168302e+01 6.538064802121380126e+01
9.399635922645728670e+01 7.702898347447322180e+01 6.845761210004113195e+01
8.332787030742555601e+01 6.646571042889976866e+01 6.706041975553952739e+01
8.532326712982904837e+01 6.944612974746277700e+01 6.614411346950379311e+01
9.437666678970182943e+01 8.321160044986254434e+01 6.765124047735673685e+01
7.164703523054549805e+01 7.576933702035842089e+01 6.441173476850508450e+01
7.099625452700034600e+01 8.138293279876964448e+01 6.454807098155873746e+01
7.254107228068818358e+01 6.930203956220751138e+01 6.539654761615753387e+01
9.600038237006850750e+01 8.397522411565347511e+01 6.707218307541728564e+01
6.995930448819335368e+01 7.725590547577814959e+01 6.513611286555010338e+01
8.103143624207922358e+01 8.502188746609203918e+01 6.776749451127000157e+01
7.416883139165172167e+01 8.204431694638756767e+01 6.639775620203425888e+01
6.999515885155281580e+01 8.400493788613522383e+01 6.522596166240623461e+01
6.898192043248037919e+01 8.258173597237296804e+01 6.351346014348280278e+01
7.826823645076814273e+01 6.520198890980643114e+01 6.701855895088752391e+01
6.748516287233587718e+01 7.983678864695190214e+01 6.578593782905824128e+01
6.827924546422539720e+01 7.956452397625281492e+01 6.400785795365538888e+01
7.722485122981719030e+01 8.377839745975163055e+01 6.670827836346128947e+01
6.845139629810344672e+01 8.315056165832180568e+01 6.729211578311415565e+01
9.521863560089246903e+01 7.895073318378391036e+01 6.989905278903711405e+01
9.281334206249911745e+01 7.603197627329157626e+01 6.954080334012877529e+01
8.609346933589543482e+01 6.669360363346874010e+01 6.808976733190110053e+01
7.020588761083183726e+01 7.437854210073740546e+01 6.646464209637230169e+01
9.076522438297455153e+01 8.515507801615103745e+01 7.006607871273990895e+01
8.089364780031893076e+01 6.563302796791109017e+01 6.910354847823779778e+01
9.069012458994535564e+01 7.424696714148964816e+01 7.077435163337233348e+01
7.069580936451708908e+01 8.438491639402514011e+01 6.719100311501549072e+01
8.712762182014731138e+01 8.578101486927101860e+01 7.318259986738362954e+01
8.665789455433771593e+01 6.972950151275867370e+01 6.955584595076624055e+01
6.890326522259545072e+01 7.654001055208587445e+01 6.687190588303207051e+01
7.297129865252846059e+01 6.855078434364159534e+01 6.878641940776563501e+01
9.283356967536204252e+01 8.285245497857474106e+01 7.088342010341457922e+01
8.598114680407334731e+01 6.614177277008954547e+01 7.127208674352820594e+01
6.656487165982439080e+01 8.275262432549129699e+01 6.819757205009290146e+01
6.977390243322653873e+01 7.535279724440084692e+01 6.739986748669164740e+01
7.427317531335903311e+01 6.521446474209051303e+01 6.683361332536057375e+01
8.098716787702301190e+01 8.525791424798723028e+01 7.249041007515856450e+01
7.643827561269446846e+01 8.419195994194498667e+01 6.855172768078773515e+01
7.533649006345875421e+01 8.505161358235915259e+01 6.957425088301903315e+01
9.378528117984600954e+01 7.902371860881606835e+01 7.089084330702178249e+01
7.077399738500635351e+01 7.135416742753002950e+01 6.931329407939125531e+01
7.722979183265123027e+01 6.296986308896688911e+01 6.940660742043158393e+01
8.748542063879115460e+01 6.886302498361592939e+01 7.205177287055127522e+01
8.543257804072651140e+01 8.538831585594698481e+01 7.279901592741171612e+01
6.664495608064490284e+01 7.665162506934649400e+01 6.758293522688254029e+01
6.565676224109428460e+01 7.801497187436098102e+01 6.873583663086529327e+01
8.956985650551476397e+01 8.441707648600646507e+01 7.277326104026491294e+01
7.079873228326925982e+01 8.528418338530622123e+01 6.944325132667631806e+01
7.345826770118158322e+01 8.549893432506146951e+01 7.152414416755942739e+01
5.904033538511811230e+01 7.780295015294387895e+01 6.846998613475653883e+01
5.677954655923375071e+01 7.914079459760398549e+01 7.006393431255494875e+01
5.731733391573141034e+01 7.490034397611120198e+01 6.794948084878564032e+01
5.805257428858163848e+01 8.051756299393892391e+01 6.837311103032024562e+01
6.095532410205353813e+01 8.021138032987667543e+01 6.946518739347928317e+01
8.518758037180904807e+01 6.438012013962045899e+01 7.200609230531873095e+01
5.748114904204494735e+01 8.065568264813714450e+01 7.093183076231704831e+01
6.063491283227088502e+01 7.565231531938013632e+01 7.101289399142780212e+01
7.414701736756467199e+01 6.441610630421425299e+01 7.087623861862286390e+01
5.719374138474051961e+01 7.434112942654527956e+01 7.090401939717193613e+01
5.993530023578411203e+01 8.190789124459624304e+01 7.059431092149802112e+01
7.577882238107444834e+01 8.566891491020876970e+01 7.150435373081373314e+01
7.954595696065567267e+01 8.527461105887266513e+01 7.393018404065082905e+01
6.440485233299514789e+01 8.191744787225155733e+01 6.950877495068928624e+01
9.104830257196240950e+01 7.609981105751694486e+01 7.294485021235482236e+01
9.071841403295904627e+01 7.872491301488497584e+01 7.352314688139816212e+01
6.869101428599616099e+01 8.578695284115141817e+01 7.114927557778256073e+01
8.177049302552664756e+01 6.543732602316998737e+01 7.185567206205013235e+01
8.417362363444287610e+01 6.442129925065995621e+01 7.318391611124931728e+01
6.578805426598951556e+01 8.636452886120838457e+01 7.064002706010640509e+01
6.399196292990390589e+01 8.493412139113959824e+01 7.156821971250400338e+01
8.956312140620727291e+01 7.243887976859375044e+01 7.494968665946728947e+01
6.140805864469993480e+01 8.227460071962406118e+01 6.986607215137973981e+01
6.297311519036459515e+01 7.795057031969520267e+01 7.057501526875867626e+01
8.903453868866736798e+01 8.293170436440101412e+01 7.461460177977537001e+01
6.375057028544028981e+01 7.718304237556253611e+01 7.082311421012380492e+01
7.284390860475927809e+01 7.018160814744356912e+01 7.369290327950216124e+01
6.015013825456762220e+01 8.240806013215336634e+01 7.212497298787806699e+01
6.084129517630606188e+01 7.519080577699395462e+01 7.402773163170701309e+01
8.270862545088947115e+01 8.433848808432736632e+01 7.480462722506254636e+01
7.448583049226841979e+01 6.260025242045554705e+01 7.155793989027014845e+01
7.809852033575916153e+01 6.284992963584389258e+01 7.147387585876882099e+01
6.575590847676426165e+01 8.787041910548458645e+01 7.407667960363079374e+01
6.628121499979327780e+01 7.379277336929453668e+01 7.233381701305719957e+01
6.793044591157095624e+01 7.429504866294553267e+01 7.077234229765471696e+01
7.160446172149761423e+01 8.699023149463573645e+01 7.334717080588981730e+01
6.143368224297813640e+01 8.388216501803617575e+01 7.236477619253187754e+01
5.757763414804253443e+01 7.939920340785363351e+01 7.511997533272239025e+01
6.854514152028166052e+01 8.688386528032663136e+01 7.423468548613701046e+01
8.576577792024396274e+01 6.406800597278049736e+01 7.517613359083017599e+01
7.407476543553738679e+01 6.837579857623120461e+01 7.404949591664365016e+01
7.451346627436377901e+01 8.601086371392347019e+01 7.471899459945410626e+01
5.926533352467100713e+01 8.139733917090489967e+01 7.507433772048523224e+01
6.336839148391672438e+01 7.514095707217828135e+01 7.280971290770332871e+01
9.025548303580787035e+01 7.732921958399015239e+01 7.450532927926138882e+01
8.704168833346173528e+01 6.667513614962166457e+01 7.590922398463823129e+01
8.755216209233306301e+01 8.188709373500660149e+01 7.524581585360036229e+01
6.158309495383929288e+01 8.524400181288058320e+01 7.380757745893600941e+01
6.870487516868017508e+01 7.172778129023569704e+01 7.269256226400472087e+01
8.091682625822578245e+01 6.508496821510073005e+01 7.346008573202362868e+01
7.426708873104794861e+01 5.979966905345389705e+01 7.301007891611737932e+01
5.856321680045547851e+01 7.585122568495796713e+01 7.550776457565288524e+01
8.111385253439480891e+01 8.462193333473490497e+01 7.703256274266419723e+01
6.313954020562147207e+01 8.674970119437949734e+01 7.500578342903421003e+01
6.319124368857366392e+01 7.481348458779751809e+01 7.523005361514057654e+01
6.651119996489366315e+01 7.353234505683886368e+01 7.493998278598721186e+01
8.322257081842489868e+01 6.659582597615906252e+01 7.703453838926242270e+01
7.762481165185845100e+01 8.587884495371639559e+01 7.656039954984186124e+01
8.738202393931958056e+01 7.875436217771311931e+01 7.764078578265701935e+01
7.370727564051712477e+01 6.249632042669992416e+01 7.335401467562061839e+01
7.282695388711859152e+01 5.995735720876135133e+01 7.321366761920415911e+01
7.839670828778582745e+01 6.278659307840769088e+01 7.402622660418387568e+01
7.439867686707242456e+01 5.895342003005814036e+01 7.601019576304929615e+01
7.136363679206829147e+01 7.130727852103316877e+01 7.397386980641599052e+01
6.815098982306747644e+01 8.727453350867844506e+01 7.596043465380623161e+01
8.626777355374670719e+01 8.050881311663766837e+01 7.858846160733716601e+01
6.532375529865630881e+01 9.011698784660654837e+01 7.645846838177496352e+01
7.168130437988683923e+01 8.674546265194521766e+01 7.731952565005664724e+01
8.854288021020244059e+01 7.594504005400222013e+01 7.864888133530897107e+01
8.930325766944065435e+01 7.047701371067685727e+01 7.877271494312986988e+01
7.069283566695045806e+01 7.182063500788854071e+01 7.770793944680232812e+01
6.494157434845243415e+01 9.038201582285043401e+01 7.553797067666397425e+01
7.280200687847870711e+01 5.879947285423418180e+01 7.466615876207862357e+01
6.074277115680658312e+01 8.773058742110785602e+01 7.693823000821544156e+01
7.423138144606892297e+01 6.640252415560493660e+01 7.697456755543882423e+01
6.188805358889911190e+01 7.656605131591319946e+01 7.849495655963150398e+01
5.990820316879167251e+01 8.162756735520568441e+01 7.802889721741919971e+01
5.909183593042304494e+01 7.872607858899067423e+01 7.900173457214484074e+01
8.087428963320216724e+01 6.629242776279244254e+01 7.671112510998739253e+01
7.932349077018930927e+01 6.535953679556101292e+01 7.750122000206533812e+01
8.839839858891087943e+01 6.917079523779679562e+01 7.966982049017028089e+01
6.356223756116067136e+01 7.495076005856373058e+01 7.841583025212020175e+01
6.528433476238778610e+01 7.440907629385972655e+01 8.111236935267427839e+01
7.195913395834226378e+01 6.048385178135561091e+01 7.581162342344572380e+01
7.340584091696499058e+01 6.292782367128981491e+01 7.670596917876949306e+01
7.125870082972612352e+01 5.995082662157739151e+01 7.789725105891997714e+01
7.459471847787146714e+01 8.559384098583601030e+01 7.893712282141629544e+01
6.300277610687773233e+01 8.955857989632866634e+01 7.782962893494203627e+01
8.504316567624798040e+01 6.580788970257822257e+01 7.734621949006944419e+01
7.589690918500166106e+01 6.087321122841370880e+01 7.810634558390464122e+01
8.313077580101690955e+01 8.139729638976314163e+01 8.076789940821907976e+01
7.248325986997822667e+01 7.107886530093102806e+01 7.778840423814128258e+01
8.434661853872255222e+01 6.689149463693991038e+01 7.954226629843981300e+01
7.146319660045116962e+01 5.782656649475998734e+01 7.624540146819717279e+01
7.872400937274379373e+01 8.341641829300692734e+01 8.345729777226912915e+01
6.023628694552908769e+01 8.486526799859615267e+01 7.912730068124196237e+01
7.403519526021717923e+01 6.920638466433760527e+01 7.782722049637504824e+01
8.854959187261013653e+01 7.095694188569288485e+01 8.204623185938416441e+01
8.524176150663372198e+01 6.695099394205826115e+01 7.949980929978408994e+01
7.785444534896718949e+01 6.314690201717596096e+01 7.929978477516752378e+01
6.892967151144678439e+01 8.697559605818639739e+01 7.920415315762693353e+01
6.583705729109102833e+01 8.915205622332038615e+01 8.006559989668159005e+01
6.914286099363540927e+01 7.352913298056330405e+01 8.028239686028513233e+01
7.235694138423932031e+01 5.486585520835117791e+01 7.775620319566397143e+01
8.539902391019360550e+01 7.958427544664752418e+01 8.265584229439565433e+01
7.461294624548796151e+01 5.859242457958006867e+01 7.842076726632055284e+01
5.802528573807060752e+01 8.813817294483942533e+01 8.007992888986345292e+01
7.094596103312959201e+01 5.562455911655663954e+01 7.827204249125023239e+01
6.104209470387971237e+01 8.041935199723991445e+01 8.088629420697566275e+01
6.979833855823575561e+01 5.785386631886694886e+01 7.994919207198890376e+01
6.315445474076604171e+01 8.942015718812103842e+01 8.005084462929812616e+01
5.995816691227514639e+01 9.011722226082815723e+01 7.995263125840833141e+01
7.348150787504805237e+01 6.284894420997591169e+01 8.043869168217938181e+01
8.050697922877954227e+01 6.675874531703510684e+01 7.958032871048419565e+01
8.644981646591612900e+01 7.697388991524721291e+01 8.272347403964499790e+01
6.087415014609817376e+01 8.194345749248034849e+01 8.150538004391700042e+01
8.787682850534795875e+01 7.451248873458240496e+01 8.431047171441016985e+01
8.486946824587515437e+01 6.769696390571110101e+01 8.267766185996688932e+01
7.429588614313247774e+01 6.486623249878667252e+01 8.169367771575554116e+01
6.260002947056239009e+01 8.932329865773689903e+01 8.181996536176941959e+01
6.051749004145951005e+01 9.002847380286846146e+01 8.313185275938170093e+01
7.084025809975349830e+01 5.213326624453375757e+01 8.075432024376780760e+01
7.232986452156711721e+01 5.183722949633229860e+01 8.095063609658822656e+01
5.759540380667209547e+01 9.116077167642535528e+01 8.011971236669515406e+01
5.801440909219599007e+01 9.165023226144882074e+01 8.236203884761724225e+01
5.656200716590836919e+01 9.045691314350250423e+01 8.134911446839302585e+01
6.355406641852049177e+01 7.723420256905984616e+01 8.300886563898842496e+01
7.525449663627554742e+01 8.406294463234038972e+01 8.347088344499948676e+01
8.760338130860489514e+01 7.028315156787485307e+01 8.371400343873904148e+01
6.695849123124907010e+01 8.814975979319183352e+01 8.354789771652642116e+01
7.827093002191317339e+01 6.602405324704227496e+01 8.124477132109115018e+01
7.315408529035916274e+01 6.994007050400648495e+01 8.149978252180986260e+01
8.307967729467513607e+01 8.019119863179744812e+01 8.298299873220835821e+01
6.024469438893025597e+01 8.500259522760026698e+01 8.290065061821024983e+01
6.985299504942111071e+01 8.660222555064723338e+01 8.350337560333269948e+01
5.862829079575485025e+01 8.636208142153878953e+01 8.385790356875605767e+01
7.103776374804975546e+01 5.140978498699254828e+01 8.331608434948921627e+01
7.101998974646291174e+01 5.975348857253820256e+01 8.058604505133749285e+01
7.271024745752976060e+01 5.207748897393753396e+01 8.382034988530637065e+01
8.007019203575208621e+01 6.789279757891480926e+01 8.227040381761705135e+01
7.927389454216304898e+01 8.239475878430772582e+01 8.656566708223923001e+01
7.645522818685566335e+01 6.419649531262544429e+01 8.111059621065089686e+01
5.823196132757922783e+01 9.117595976913855793e+01 8.386811247564284599e+01
8.441587311925063375e+01 7.627970700956899464e+01 8.454356955071116886e+01
7.030831059814069306e+01 5.461878667794977105e+01 8.420862387889306433e+01
7.357566660224723876e+01 6.186476521404816253e+01 8.239323521018650354e+01
5.684907055524236341e+01 8.945484738310454986e+01 8.384434726430833962e+01
7.430285887036446013e+01 5.932225746369186936e+01 8.103046978549173218e+01
6.421765752773798397e+01 8.819535368919872553e+01 8.355006512871273117e+01
6.935270963135359068e+01 7.542394750651556024e+01 8.313286467913613365e+01
8.176856327290560955e+01 7.815554151317553533e+01 8.633630551296130307e+01
6.092030809194761787e+01 8.330275489743235084e+01 8.625213437471578004e+01
5.737460480108327943e+01 8.957667909562243835e+01 8.814642871841891747e+01
7.110043083987739010e+01 7.145857583789174328e+01 8.167516100412839819e+01
7.255863668499014807e+01 6.034678791627428041e+01 8.293900095378222659e+01
6.179976724868571125e+01 8.906794700834603873e+01 8.643292006238661429e+01
6.590194134340744370e+01 7.850117313818080333e+01 8.472928794591237533e+01
8.597903199294582066e+01 7.345869014733341373e+01 8.528330675197821620e+01
6.837297050740976090e+01 5.766067917303629997e+01 8.504475895072934577e+01
6.371485956952106733e+01 7.903976404374054709e+01 8.433202318673534137e+01
6.052135920412257519e+01 8.456515455731420161e+01 8.740380072051289062e+01
8.354545525651296600e+01 7.014949988972620076e+01 8.544808494455443793e+01
8.425308162342558660e+01 7.149602190963804560e+01 8.734764229768722998e+01
5.961385134408791941e+01 8.925399740707030105e+01 8.712992340155474835e+01
7.404734531938350983e+01 6.276281571575498219e+01 8.312797668184271060e+01
7.355700655184799075e+01 5.771589797657733811e+01 8.342469733048977787e+01
7.004267183792515539e+01 8.656445274174072324e+01 8.656510967619797725e+01
7.979727152103217236e+01 8.052753596933783342e+01 8.673665562597136613e+01
7.265982867680588697e+01 8.485742076747095552e+01 8.736189397149112779e+01
7.563044052010030782e+01 8.218699444639045737e+01 8.549595899907362195e+01
7.680688961432366568e+01 6.645848182688257566e+01 8.650256676083981233e+01
5.814422693963915378e+01 8.792227430944544153e+01 8.716366599962643136e+01
7.150650034668410626e+01 7.448654008812468419e+01 8.436193562108482524e+01
7.174422096668098447e+01 7.140794033771589966e+01 8.347374009697102792e+01
7.383474515843980157e+01 6.856907497174688615e+01 8.405280189129081236e+01
8.280240730298042706e+01 7.503841391085092027e+01 8.800111246667674436e+01
7.232699417542117715e+01 5.517908461865005165e+01 8.429676954819379375e+01
6.323923601547667772e+01 8.781962587148967714e+01 8.771821832656354445e+01
6.266935979425467451e+01 8.142870969627648492e+01 8.584319544930184520e+01
7.216557595420005100e+01 5.273184685361877655e+01 8.508799480547213534e+01
8.077593066330445026e+01 6.977894782793717354e+01 8.582372316429095349e+01
7.578578630241143799e+01 6.438613581498819372e+01 8.478794234127929030e+01
7.125947715508959845e+01 5.902487577957731446e+01 8.454029837639600942e+01
6.913948790028742053e+01 7.832261058145880384e+01 8.655462335488380177e+01
7.915362288221265885e+01 6.950404354959138686e+01 8.825159739147130722e+01
5.871681478349880479e+01 8.642085151089187889e+01 8.783132320110456703e+01
7.438031597845784404e+01 6.385944370980064377e+01 8.581579918827202391e+01
6.763314942928892037e+01 5.674729828536766263e+01 8.796051814581377926e+01
6.830641611054888074e+01 8.786957911534031496e+01 8.975340665070544333e+01
7.542039706570180613e+01 8.029999988124353649e+01 8.612090425047193776e+01
6.282355426040193436e+01 8.221643776719238872e+01 8.898253422391081813e+01
6.966675487339401229e+01 5.745381390739436256e+01 8.712940837931236615e+01
7.409275628063173258e+01 6.771301947808541399e+01 8.594841042588384994e+01
6.662881619178536141e+01 8.768274146906000510e+01 9.043876986687047292e+01
7.368348698309605993e+01 6.571620813928373650e+01 8.731285637192746663e+01
8.073213776511562401e+01 7.261063520303537189e+01 8.708832792309519277e+01
7.190831452612721364e+01 8.463235640429337536e+01 8.784205797426793083e+01
6.796796059127110823e+01 7.993841460176523128e+01 8.831346746832733174e+01
7.118719215847271187e+01 7.599022226556823512e+01 8.740479600328578158e+01
7.136129087539544003e+01 8.092225474376192551e+01 8.743976538380712782e+01
8.019778381314635851e+01 7.622312473104250330e+01 8.739477594349099832e+01
7.323641110953055033e+01 7.414923023754462861e+01 8.592170583239206394e+01
7.368331991274364157e+01 7.876024118628726001e+01 8.765846158200045579e+01
7.707851155261063525e+01 7.842883728756984851e+01 8.685538014166340304e+01
5.930016988432633696e+01 8.805524439591226837e+01 8.858310313564155081e+01
6.608796974719891182e+01 8.007583320946693561e+01 8.893054851273811323e+01
7.907177181741585059e+01 7.240853977595313040e+01 8.752111505489750698e+01
7.552169424785684271e+01 7.149569704723484165e+01 8.732872427421722250e+01
6.384162122921890159e+01 8.027738241480648185e+01 8.879936921220843260e+01
7.840949490997381588e+01 7.656281507156961652e+01 8.798291949729056682e+01
7.434969099990414065e+01 7.305311278707790734e+01 8.723403827696301960e+01
7.470053030259917648e+01 7.546948044565323244e+01 8.647345408931488464e+01
6.981696254467564700e+01 8.541692524460415825e+01 8.986803306131793079e+01
7.035701254071004485e+01 8.465433440464295245e+01 8.939751130906594767e+01
6.934700239153860934e+01 8.085492522361494139e+01 8.831422841814875824e+01
7.417551968593996037e+01 7.688299919130335525e+01 8.719716723085974763e+01
6.178575549716985904e+01 8.612105667203175585e+01 8.857990642475596132e+01
7.596593739178985061e+01 7.496513112366289988e+01 8.696385396422320468e+01
7.306332006123768963e+01 7.704647587063880110e+01 8.792646061494315290e+01
6.416686283455302942e+01 8.602382166017810050e+01 9.114381464051362514e+01
7.069620145365644248e+01 7.893650345550898351e+01 8.820458584243152700e+01
6.957344927928903644e+01 8.423264190274292673e+01 8.976396663993227776e+01
6.427078876437197152e+01 8.066751529958369815e+01 9.218670478219382858e+01
7.465594942751830843e+01 6.454679144215126030e+01 9.111622447894700372e+01
6.286846511187235365e+01 8.482424863876988752e+01 9.025460582517817443e+01
7.664728939088948323e+01 7.000652612845817657e+01 9.131367885799974715e+01
6.659008385660307283e+01 8.094859767666423522e+01 8.985472699595518975e+01
7.800456226315348829e+01 7.146459056684204825e+01 8.845846488546817454e+01
7.814167280894592693e+01 6.865617703911979675e+01 9.185512653331892352e+01
7.567656013388470626e+01 6.566390234546477700e+01 9.137259258229784109e+01
7.357267540235945091e+01 6.585975611338076874e+01 9.090541622473460848e+01
6.844963190961404109e+01 8.696522623941328334e+01 9.280702789421150101e+01
6.761800645788798647e+01 8.430430184126086601e+01 9.244999176179442202e+01
6.430871632971228280e+01 8.247460200487080328e+01 9.177652204983098727e+01
7.657532378346850521e+01 6.693479404447876391e+01 9.702086922133278790e+01
6.501164273837910912e+01 8.324757724713597895e+01 9.255824594741463329e+01
6.620935514965188418e+01 8.698308207779683698e+01 9.445997107026340700e+01
6.470939661625864403e+01 8.065560038754341576e+01 9.437266861271749008e+01
6.696906569919251240e+01 8.525453017912815312e+01 9.590009408131524538e+01
6.540703446101865381e+01 8.535620597713895563e+01 9.590263654927392167e+01
6.654898394689723773e+01 8.632301867437374199e+01 9.601573066822109581e+01
6.591623910765029848e+01 8.333444582329485684e+01 9.359560509154181318e+01
7.503629523330855022e+01 6.646182986099523760e+01 9.397073094858942000e+01
7.662857966324574477e+01 6.806824765658654997e+01 9.753325290521590318e+01
7.561115608179714798e+01 6.690650247625094948e+01 9.803860973024208647e+01
7.673691407935623943e+01 6.809025148808555628e+01 9.836728640086434439e+01
7.629197708950498225e+01 6.749061588907433418e+01 1.024935311555022395e+02
